log2 q       log2 b       degree       secret size  num poly     block size (B) hash size (B)                      
254          2            2            16777216     8388608      4194304.0    63.5        
254          3            4            16777216     4194304      6291456.0    127.0       
254          4            6            16777218     2796203      8388609.0    190.5       
254          5            10           16777220     1677722      10485762.5   317.5       
254          6            14           16777222     1198373      12582916.5   444.5       
254          7            19           16777228     883012       14680074.5   603.25      
254          8            23           16777235     729445       16777235.0   730.25         
254          9            28           16777236     599187       18874390.5   889.0           
254          10           33           16777233     508401       20971541.25  1047.75     
254          11           38           16777228     441506       23068688.5   1206.5      
254          12           42           16777236     399458       25165854.0   1333.5      
254          13           46           16777258     364723       27263044.25  1460.5      
254          14           54           16777260     310690       29360205.0   1714.5      
254          15           62           16777262     270601       31457366.25  1968.5      
254          16           70           16777250     239675       33554500.0   2222.5      
254          17           78           16777254     215093       35651664.75  2476.5      
254          19           95           16777285     176603       39846051.875 3016.25     
254          20           103          16777258     162886       41943145.0   3270.25     
254          22           122          16777318     137519       46137624.5   3873.5      
254          24           142          16777300     118150       50331900.0   4508.5      
254          26           163          16777264     102928       54526108.0   5175.25     
254          29           198          16777332     84734        60817828.5   6286.5      
254          32           236          16777240     71090        67108960.0   7493.0      
254          37           304          16777456     55189        77595734.0   9652.0      
254          43           403          16777293     41631        90177949.875 12795.25    
254          51           551          16777399     30449        106955918.625 17494.25    
254          64           842          16777692     19926        134221536.0  26733.5     
