log2 q       log2 b       degree       secret size  num poly     block size (B) hash size (B)
64           1            11           1034         94           129.25       88.0        
64           1            13           2054         158          256.75       104.0       
64           1            15           4110         274          513.75       120.0       
64           1            17           8194         482          1024.25      136.0       
64           1            19           16397        863          2049.625     152.0       
64           1            21           32781        1561         4097.625     168.0       
64           1            23           65550        2850         8193.75      184.0       
64           1            25           131075       5243         16384.375    200.0       
64           1            27           262170       9710         32771.25     216.0       
64           1            29           524291       18079        65536.375    232.0       
64           1            31           1048606      33826        131075.75    248.0       
64           1            33           2097183      63551        262147.875   264.0       
64           1            34           8388616      246724       1048577.0    272.0       
64           1            35           16777250     479350       2097156.25   280.0       
64           2            13           1027         79           256.75       104.0       
64           2            15           2055         137          513.75       120.0       
64           2            17           4097         241          1024.25      136.0       
64           2            19           8208         432          2052.0       152.0       
64           2            21           16401        781          4100.25      168.0       
64           2            23           32775        1425         8193.75      184.0       
64           2            25           65550        2622         16387.5      200.0       
64           2            27           131085       4855         32771.25     216.0       
64           2            29           262160       9040         65540.0      232.0       
64           2            31           524303       16913        131075.75    248.0       
64           2            33           1048608      31776        262152.0     264.0       
64           2            34           4194308      123362       1048577.0    272.0       
64           2            35           8388625      239675       2097156.25   280.0       
64           2            36           16777224     466034       4194306.0    288.0       
64           3            15           1035         69           388.125      120.0       
64           3            16           2048         128          768.0        128.0       
64           3            18           4104         228          1539.0       144.0       
64           3            20           8200         410          3075.0       160.0       
64           3            22           16390        745          6146.25      176.0       
64           3            24           32784        1366         12294.0      192.0       
64           3            26           65546        2521         24579.75     208.0       
64           3            28           131096       4682         49161.0      224.0       
64           3            30           262170       8739         98313.75     240.0       
64           3            32           524288       16384        196608.0     256.0             
64           4            24           16392        683          8196.0       192.0       
64           4            25           32775        1311         16387.5      200.0       
64           4            27           65556        2428         32778.0      216.0       
64           4            29           131080       4520         65540.0      232.0       
64           4            31           262167       8457         131083.5     248.0       
64           4            33           524304       15888        262152.0     264.0       
64           4            34           2097154      61681        1048577.0    272.0       
64           4            35           4194330      119838       2097165.0    280.0       
64           4            36           8388612      233017       4194306.0    288.0       
64           4            37           16777243     453439       8388621.5    296.0       
64           5            40           16777240     419431       10485775.0   320.0       
64           6            56           16777264     299594       12582948.0   448.0       
64           7            72           16777224     233017       14680071.0   576.0       
64           8            89           16777301     188509       16777301.0   712.0              
64           10           128          16777216     131072       20971520.0   1024.0           
64           11           149          16777251     112599       23068720.125 1192.0           
64           13           181          16777252     92692        27263034.5   1448.0          
64           16           277          16777336     60568        33554672.0   2216.0               
64           22           482          16777456     34808        46138004.0   3856.0          
64           32           934          16777442     17963        67109768.0   7472.0      
